# Table format: T1D
   -9.95000000000000e-002     25
    0.00000000000000e+000     6.05000000000000e-001 
    5.00000000000000e+000     6.18000000000000e-001 
    1.00000000000000e+001     6.31000000000000e-001 
    1.50000000000000e+001     6.44000000000000e-001 
    2.00000000000000e+001     6.57000000000000e-001 
    2.50000000000000e+001     6.70000000000000e-001 
    3.00000000000000e+001     6.83000000000000e-001 
    3.50000000000000e+001     6.96000000000000e-001 
    4.00000000000000e+001     7.09000000000000e-001 
    4.50000000000000e+001     7.22000000000000e-001 
    5.00000000000000e+001     7.35000000000000e-001 
    5.50000000000000e+001     7.48000000000000e-001 
    6.00000000000000e+001     7.61000000000000e-001 
    6.50000000000000e+001     7.74000000000000e-001 
    7.00000000000000e+001     7.87000000000000e-001 
    7.50000000000000e+001     8.00000000000000e-001 
    8.00000000000000e+001     8.13000000000000e-001 
    8.50000000000000e+001     8.26000000000000e-001 
    9.00000000000000e+001     8.39000000000000e-001 
    9.50000000000000e+001     8.52000000000000e-001 
    1.00000000000000e+002     8.65000000000000e-001 
    1.05000000000000e+002     8.78000000000000e-001 
    1.10000000000000e+002     8.91000000000000e-001 
    1.15000000000000e+002     9.04000000000000e-001 
    1.20000000000000e+002     9.17000000000000e-001 
   -7.62000000000000e-002     25
    0.00000000000000e+000     4.44000000000000e-001 
    5.00000000000000e+000     4.49000000000000e-001 
    1.00000000000000e+001     4.55000000000000e-001 
    1.50000000000000e+001     4.62000000000000e-001 
    2.00000000000000e+001     4.71000000000000e-001 
    2.50000000000000e+001     4.81000000000000e-001 
    3.00000000000000e+001     4.91000000000000e-001 
    3.50000000000000e+001     5.04000000000000e-001 
    4.00000000000000e+001     5.17000000000000e-001 
    4.50000000000000e+001     5.31000000000000e-001 
    5.00000000000000e+001     5.47000000000000e-001 
    5.50000000000000e+001     5.64000000000000e-001 
    6.00000000000000e+001     5.82000000000000e-001 
    6.50000000000000e+001     6.01000000000000e-001 
    7.00000000000000e+001     6.22000000000000e-001 
    7.50000000000000e+001     6.44000000000000e-001 
    8.00000000000000e+001     6.67000000000000e-001 
    8.50000000000000e+001     6.91000000000000e-001 
    9.00000000000000e+001     7.16000000000000e-001 
    9.50000000000000e+001     7.43000000000000e-001 
    1.00000000000000e+002     7.70000000000000e-001 
    1.05000000000000e+002     7.99000000000000e-001 
    1.10000000000000e+002     8.29000000000000e-001 
    1.15000000000000e+002     8.61000000000000e-001 
    1.20000000000000e+002     8.93000000000000e-001 
   -4.22000000000000e-002     25
    0.00000000000000e+000     1.98000000000000e-001 
    5.00000000000000e+000     2.10000000000000e-001 
    1.00000000000000e+001     2.24000000000000e-001 
    1.50000000000000e+001     2.42000000000000e-001 
    2.00000000000000e+001     2.61000000000000e-001 
    2.50000000000000e+001     2.81000000000000e-001 
    3.00000000000000e+001     3.02000000000000e-001 
    3.50000000000000e+001     3.22000000000000e-001 
    4.00000000000000e+001     3.42000000000000e-001 
    4.50000000000000e+001     3.61000000000000e-001 
    5.00000000000000e+001     3.79000000000000e-001 
    5.50000000000000e+001     3.97000000000000e-001 
    6.00000000000000e+001     4.13000000000000e-001 
    6.50000000000000e+001     4.29000000000000e-001 
    7.00000000000000e+001     4.45000000000000e-001 
    7.50000000000000e+001     4.60000000000000e-001 
    8.00000000000000e+001     4.76000000000000e-001 
    8.50000000000000e+001     4.94000000000000e-001 
    9.00000000000000e+001     5.13000000000000e-001 
    9.50000000000000e+001     5.35000000000000e-001 
    1.00000000000000e+002     5.61000000000000e-001 
    1.05000000000000e+002     5.92000000000000e-001 
    1.10000000000000e+002     6.30000000000000e-001 
    1.15000000000000e+002     6.74000000000000e-001 
    1.20000000000000e+002     7.28000000000000e-001 
   -2.12000000000000e-002     25
    0.00000000000000e+000     1.27000000000000e-001 
    5.00000000000000e+000     1.44000000000000e-001 
    1.00000000000000e+001     1.61000000000000e-001 
    1.50000000000000e+001     1.79000000000000e-001 
    2.00000000000000e+001     1.96000000000000e-001 
    2.50000000000000e+001     2.14000000000000e-001 
    3.00000000000000e+001     2.32000000000000e-001 
    3.50000000000000e+001     2.51000000000000e-001 
    4.00000000000000e+001     2.69000000000000e-001 
    4.50000000000000e+001     2.88000000000000e-001 
    5.00000000000000e+001     3.07000000000000e-001 
    5.50000000000000e+001     3.26000000000000e-001 
    6.00000000000000e+001     3.45000000000000e-001 
    6.50000000000000e+001     3.64000000000000e-001 
    7.00000000000000e+001     3.84000000000000e-001 
    7.50000000000000e+001     4.04000000000000e-001 
    8.00000000000000e+001     4.24000000000000e-001 
    8.50000000000000e+001     4.44000000000000e-001 
    9.00000000000000e+001     4.64000000000000e-001 
    9.50000000000000e+001     4.85000000000000e-001 
    1.00000000000000e+002     5.05000000000000e-001 
    1.05000000000000e+002     5.26000000000000e-001 
    1.10000000000000e+002     5.47000000000000e-001 
    1.15000000000000e+002     5.69000000000000e-001 
    1.20000000000000e+002     5.90000000000000e-001 
   -1.05000000000000e-002     25
    0.00000000000000e+000     8.40000000000000e-002 
    5.00000000000000e+000     1.04000000000000e-001 
    1.00000000000000e+001     1.24000000000000e-001 
    1.50000000000000e+001     1.44000000000000e-001 
    2.00000000000000e+001     1.64000000000000e-001 
    2.50000000000000e+001     1.84000000000000e-001 
    3.00000000000000e+001     2.04000000000000e-001 
    3.50000000000000e+001     2.23000000000000e-001 
    4.00000000000000e+001     2.43000000000000e-001 
    4.50000000000000e+001     2.63000000000000e-001 
    5.00000000000000e+001     2.83000000000000e-001 
    5.50000000000000e+001     3.03000000000000e-001 
    6.00000000000000e+001     3.23000000000000e-001 
    6.50000000000000e+001     3.43000000000000e-001 
    7.00000000000000e+001     3.63000000000000e-001 
    7.50000000000000e+001     3.83000000000000e-001 
    8.00000000000000e+001     4.03000000000000e-001 
    8.50000000000000e+001     4.22000000000000e-001 
    9.00000000000000e+001     4.42000000000000e-001 
    9.50000000000000e+001     4.62000000000000e-001 
    1.00000000000000e+002     4.82000000000000e-001 
    1.05000000000000e+002     5.02000000000000e-001 
    1.10000000000000e+002     5.22000000000000e-001 
    1.15000000000000e+002     5.42000000000000e-001 
    1.20000000000000e+002     5.62000000000000e-001 
   -5.37000000000000e-003     25
    0.00000000000000e+000     6.90000000000000e-002 
    5.00000000000000e+000     8.90000000000000e-002 
    1.00000000000000e+001     1.09000000000000e-001 
    1.50000000000000e+001     1.29000000000000e-001 
    2.00000000000000e+001     1.49000000000000e-001 
    2.50000000000000e+001     1.69000000000000e-001 
    3.00000000000000e+001     1.89000000000000e-001 
    3.50000000000000e+001     2.09000000000000e-001 
    4.00000000000000e+001     2.29000000000000e-001 
    4.50000000000000e+001     2.49000000000000e-001 
    5.00000000000000e+001     2.69000000000000e-001 
    5.50000000000000e+001     2.89000000000000e-001 
    6.00000000000000e+001     3.09000000000000e-001 
    6.50000000000000e+001     3.29000000000000e-001 
    7.00000000000000e+001     3.49000000000000e-001 
    7.50000000000000e+001     3.69000000000000e-001 
    8.00000000000000e+001     3.88000000000000e-001 
    8.50000000000000e+001     4.08000000000000e-001 
    9.00000000000000e+001     4.28000000000000e-001 
    9.50000000000000e+001     4.48000000000000e-001 
    1.00000000000000e+002     4.68000000000000e-001 
    1.05000000000000e+002     4.88000000000000e-001 
    1.10000000000000e+002     5.08000000000000e-001 
    1.15000000000000e+002     5.28000000000000e-001 
    1.20000000000000e+002     5.48000000000000e-001 
   -3.30000000000000e-003     25
    0.00000000000000e+000     5.20000000000000e-002 
    5.00000000000000e+000     7.20000000000000e-002 
    1.00000000000000e+001     9.10000000000000e-002 
    1.50000000000000e+001     1.11000000000000e-001 
    2.00000000000000e+001     1.30000000000000e-001 
    2.50000000000000e+001     1.50000000000000e-001 
    3.00000000000000e+001     1.69000000000000e-001 
    3.50000000000000e+001     1.89000000000000e-001 
    4.00000000000000e+001     2.08000000000000e-001 
    4.50000000000000e+001     2.28000000000000e-001 
    5.00000000000000e+001     2.47000000000000e-001 
    5.50000000000000e+001     2.67000000000000e-001 
    6.00000000000000e+001     2.86000000000000e-001 
    6.50000000000000e+001     3.06000000000000e-001 
    7.00000000000000e+001     3.25000000000000e-001 
    7.50000000000000e+001     3.45000000000000e-001 
    8.00000000000000e+001     3.64000000000000e-001 
    8.50000000000000e+001     3.84000000000000e-001 
    9.00000000000000e+001     4.03000000000000e-001 
    9.50000000000000e+001     4.23000000000000e-001 
    1.00000000000000e+002     4.42000000000000e-001 
    1.05000000000000e+002     4.62000000000000e-001 
    1.10000000000000e+002     4.81000000000000e-001 
    1.15000000000000e+002     5.01000000000000e-001 
    1.20000000000000e+002     5.20000000000000e-001 
   -1.80000000000000e-003     25
    0.00000000000000e+000     4.60000000000000e-002 
    5.00000000000000e+000     6.60000000000000e-002 
    1.00000000000000e+001     8.60000000000000e-002 
    1.50000000000000e+001     1.06000000000000e-001 
    2.00000000000000e+001     1.26000000000000e-001 
    2.50000000000000e+001     1.45000000000000e-001 
    3.00000000000000e+001     1.65000000000000e-001 
    3.50000000000000e+001     1.85000000000000e-001 
    4.00000000000000e+001     2.05000000000000e-001 
    4.50000000000000e+001     2.25000000000000e-001 
    5.00000000000000e+001     2.45000000000000e-001 
    5.50000000000000e+001     2.64000000000000e-001 
    6.00000000000000e+001     2.84000000000000e-001 
    6.50000000000000e+001     3.04000000000000e-001 
    7.00000000000000e+001     3.24000000000000e-001 
    7.50000000000000e+001     3.44000000000000e-001 
    8.00000000000000e+001     3.63000000000000e-001 
    8.50000000000000e+001     3.83000000000000e-001 
    9.00000000000000e+001     4.03000000000000e-001 
    9.50000000000000e+001     4.23000000000000e-001 
    1.00000000000000e+002     4.43000000000000e-001 
    1.05000000000000e+002     4.62000000000000e-001 
    1.10000000000000e+002     4.82000000000000e-001 
    1.15000000000000e+002     5.02000000000000e-001 
    1.20000000000000e+002     5.22000000000000e-001 
   -7.20000000000000e-004     25
    0.00000000000000e+000     4.80000000000000e-002 
    5.00000000000000e+000     6.90000000000000e-002 
    1.00000000000000e+001     8.90000000000000e-002 
    1.50000000000000e+001     1.09000000000000e-001 
    2.00000000000000e+001     1.29000000000000e-001 
    2.50000000000000e+001     1.49000000000000e-001 
    3.00000000000000e+001     1.69000000000000e-001 
    3.50000000000000e+001     1.89000000000000e-001 
    4.00000000000000e+001     2.09000000000000e-001 
    4.50000000000000e+001     2.29000000000000e-001 
    5.00000000000000e+001     2.49000000000000e-001 
    5.50000000000000e+001     2.70000000000000e-001 
    6.00000000000000e+001     2.90000000000000e-001 
    6.50000000000000e+001     3.10000000000000e-001 
    7.00000000000000e+001     3.30000000000000e-001 
    7.50000000000000e+001     3.50000000000000e-001 
    8.00000000000000e+001     3.70000000000000e-001 
    8.50000000000000e+001     3.90000000000000e-001 
    9.00000000000000e+001     4.10000000000000e-001 
    9.50000000000000e+001     4.30000000000000e-001 
    1.00000000000000e+002     4.50000000000000e-001 
    1.05000000000000e+002     4.71000000000000e-001 
    1.10000000000000e+002     4.91000000000000e-001 
    1.15000000000000e+002     5.11000000000000e-001 
    1.20000000000000e+002     5.31000000000000e-001 
   -1.00000000000000e-005     25
    0.00000000000000e+000     1.40000000000000e-001 
    5.00000000000000e+000     1.41000000000000e-001 
    1.00000000000000e+001     1.48000000000000e-001 
    1.50000000000000e+001     1.60000000000000e-001 
    2.00000000000000e+001     1.75000000000000e-001 
    2.50000000000000e+001     1.91000000000000e-001 
    3.00000000000000e+001     2.10000000000000e-001 
    3.50000000000000e+001     2.30000000000000e-001 
    4.00000000000000e+001     2.50000000000000e-001 
    4.50000000000000e+001     2.70000000000000e-001 
    5.00000000000000e+001     2.90000000000000e-001 
    5.50000000000000e+001     3.11000000000000e-001 
    6.00000000000000e+001     3.31000000000000e-001 
    6.50000000000000e+001     3.51000000000000e-001 
    7.00000000000000e+001     3.71000000000000e-001 
    7.50000000000000e+001     3.91000000000000e-001 
    8.00000000000000e+001     4.11000000000000e-001 
    8.50000000000000e+001     4.31000000000000e-001 
    9.00000000000000e+001     4.51000000000000e-001 
    9.50000000000000e+001     4.71000000000000e-001 
    1.00000000000000e+002     4.91000000000000e-001 
    1.05000000000000e+002     5.12000000000000e-001 
    1.10000000000000e+002     5.32000000000000e-001 
    1.15000000000000e+002     5.52000000000000e-001 
    1.20000000000000e+002     5.72000000000000e-001 
    1.00000000000000e-005     25
    0.00000000000000e+000     9.00000000000000e-002 
    5.00000000000000e+000     9.50000000000000e-002 
    1.00000000000000e+001     1.00000000000000e-001 
    1.50000000000000e+001     1.05000000000000e-001 
    2.00000000000000e+001     1.11000000000000e-001 
    2.50000000000000e+001     1.16000000000000e-001 
    3.00000000000000e+001     1.22000000000000e-001 
    3.50000000000000e+001     1.28000000000000e-001 
    4.00000000000000e+001     1.34000000000000e-001 
    4.50000000000000e+001     1.40000000000000e-001 
    5.00000000000000e+001     1.46000000000000e-001 
    5.50000000000000e+001     1.53000000000000e-001 
    6.00000000000000e+001     1.59000000000000e-001 
    6.50000000000000e+001     1.66000000000000e-001 
    7.00000000000000e+001     1.73000000000000e-001 
    7.50000000000000e+001     1.80000000000000e-001 
    8.00000000000000e+001     1.88000000000000e-001 
    8.50000000000000e+001     1.95000000000000e-001 
    9.00000000000000e+001     2.03000000000000e-001 
    9.50000000000000e+001     2.10000000000000e-001 
    1.00000000000000e+002     2.18000000000000e-001 
    1.05000000000000e+002     2.26000000000000e-001 
    1.10000000000000e+002     2.35000000000000e-001 
    1.15000000000000e+002     2.43000000000000e-001 
    1.20000000000000e+002     2.51000000000000e-001 
    7.20000000000000e-004     25
    0.00000000000000e+000     4.10000000000000e-002 
    5.00000000000000e+000     3.80000000000000e-002 
    1.00000000000000e+001     3.60000000000000e-002 
    1.50000000000000e+001     3.40000000000000e-002 
    2.00000000000000e+001     3.30000000000000e-002 
    2.50000000000000e+001     3.30000000000000e-002 
    3.00000000000000e+001     3.40000000000000e-002 
    3.50000000000000e+001     3.50000000000000e-002 
    4.00000000000000e+001     3.70000000000000e-002 
    4.50000000000000e+001     4.00000000000000e-002 
    5.00000000000000e+001     4.30000000000000e-002 
    5.50000000000000e+001     4.70000000000000e-002 
    6.00000000000000e+001     5.20000000000000e-002 
    6.50000000000000e+001     5.80000000000000e-002 
    7.00000000000000e+001     6.40000000000000e-002 
    7.50000000000000e+001     7.10000000000000e-002 
    8.00000000000000e+001     7.90000000000000e-002 
    8.50000000000000e+001     8.80000000000000e-002 
    9.00000000000000e+001     9.70000000000000e-002 
    9.50000000000000e+001     1.07000000000000e-001 
    1.00000000000000e+002     1.18000000000000e-001 
    1.05000000000000e+002     1.29000000000000e-001 
    1.10000000000000e+002     1.42000000000000e-001 
    1.15000000000000e+002     1.54000000000000e-001 
    1.20000000000000e+002     1.68000000000000e-001 
    1.80000000000000e-003     25
    0.00000000000000e+000     3.90000000000000e-002 
    5.00000000000000e+000     3.70000000000000e-002 
    1.00000000000000e+001     3.60000000000000e-002 
    1.50000000000000e+001     3.50000000000000e-002 
    2.00000000000000e+001     3.50000000000000e-002 
    2.50000000000000e+001     3.50000000000000e-002 
    3.00000000000000e+001     3.60000000000000e-002 
    3.50000000000000e+001     3.80000000000000e-002 
    4.00000000000000e+001     4.00000000000000e-002 
    4.50000000000000e+001     4.30000000000000e-002 
    5.00000000000000e+001     4.60000000000000e-002 
    5.50000000000000e+001     5.00000000000000e-002 
    6.00000000000000e+001     5.50000000000000e-002 
    6.50000000000000e+001     6.00000000000000e-002 
    7.00000000000000e+001     6.60000000000000e-002 
    7.50000000000000e+001     7.20000000000000e-002 
    8.00000000000000e+001     7.90000000000000e-002 
    8.50000000000000e+001     8.70000000000000e-002 
    9.00000000000000e+001     9.50000000000000e-002 
    9.50000000000000e+001     1.04000000000000e-001 
    1.00000000000000e+002     1.13000000000000e-001 
    1.05000000000000e+002     1.23000000000000e-001 
    1.10000000000000e+002     1.34000000000000e-001 
    1.15000000000000e+002     1.45000000000000e-001 
    1.20000000000000e+002     1.57000000000000e-001 
    3.30000000000000e-003     25
    0.00000000000000e+000     3.90000000000000e-002 
    5.00000000000000e+000     3.80000000000000e-002 
    1.00000000000000e+001     3.70000000000000e-002 
    1.50000000000000e+001     3.70000000000000e-002 
    2.00000000000000e+001     3.70000000000000e-002 
    2.50000000000000e+001     3.80000000000000e-002 
    3.00000000000000e+001     3.90000000000000e-002 
    3.50000000000000e+001     4.10000000000000e-002 
    4.00000000000000e+001     4.30000000000000e-002 
    4.50000000000000e+001     4.60000000000000e-002 
    5.00000000000000e+001     5.00000000000000e-002 
    5.50000000000000e+001     5.40000000000000e-002 
    6.00000000000000e+001     5.90000000000000e-002 
    6.50000000000000e+001     6.40000000000000e-002 
    7.00000000000000e+001     7.00000000000000e-002 
    7.50000000000000e+001     7.60000000000000e-002 
    8.00000000000000e+001     8.30000000000000e-002 
    8.50000000000000e+001     9.00000000000000e-002 
    9.00000000000000e+001     9.80000000000000e-002 
    9.50000000000000e+001     1.07000000000000e-001 
    1.00000000000000e+002     1.16000000000000e-001 
    1.05000000000000e+002     1.26000000000000e-001 
    1.10000000000000e+002     1.36000000000000e-001 
    1.15000000000000e+002     1.47000000000000e-001 
    1.20000000000000e+002     1.58000000000000e-001 
    5.37000000000000e-003     25
    0.00000000000000e+000     4.90000000000000e-002 
    5.00000000000000e+000     4.90000000000000e-002 
    1.00000000000000e+001     4.90000000000000e-002 
    1.50000000000000e+001     5.00000000000000e-002 
    2.00000000000000e+001     5.10000000000000e-002 
    2.50000000000000e+001     5.20000000000000e-002 
    3.00000000000000e+001     5.40000000000000e-002 
    3.50000000000000e+001     5.70000000000000e-002 
    4.00000000000000e+001     6.00000000000000e-002 
    4.50000000000000e+001     6.30000000000000e-002 
    5.00000000000000e+001     6.60000000000000e-002 
    5.50000000000000e+001     7.00000000000000e-002 
    6.00000000000000e+001     7.50000000000000e-002 
    6.50000000000000e+001     8.00000000000000e-002 
    7.00000000000000e+001     8.50000000000000e-002 
    7.50000000000000e+001     9.10000000000000e-002 
    8.00000000000000e+001     9.70000000000000e-002 
    8.50000000000000e+001     1.03000000000000e-001 
    9.00000000000000e+001     1.10000000000000e-001 
    9.50000000000000e+001     1.17000000000000e-001 
    1.00000000000000e+002     1.25000000000000e-001 
    1.05000000000000e+002     1.33000000000000e-001 
    1.10000000000000e+002     1.42000000000000e-001 
    1.15000000000000e+002     1.51000000000000e-001 
    1.20000000000000e+002     1.60000000000000e-001 
    1.05000000000000e-002     25
    0.00000000000000e+000     7.00000000000000e-002 
    5.00000000000000e+000     6.90000000000000e-002 
    1.00000000000000e+001     6.90000000000000e-002 
    1.50000000000000e+001     6.90000000000000e-002 
    2.00000000000000e+001     7.00000000000000e-002 
    2.50000000000000e+001     7.10000000000000e-002 
    3.00000000000000e+001     7.20000000000000e-002 
    3.50000000000000e+001     7.50000000000000e-002 
    4.00000000000000e+001     7.70000000000000e-002 
    4.50000000000000e+001     8.00000000000000e-002 
    5.00000000000000e+001     8.40000000000000e-002 
    5.50000000000000e+001     8.80000000000000e-002 
    6.00000000000000e+001     9.30000000000000e-002 
    6.50000000000000e+001     9.90000000000000e-002 
    7.00000000000000e+001     1.04000000000000e-001 
    7.50000000000000e+001     1.11000000000000e-001 
    8.00000000000000e+001     1.17000000000000e-001 
    8.50000000000000e+001     1.25000000000000e-001 
    9.00000000000000e+001     1.33000000000000e-001 
    9.50000000000000e+001     1.41000000000000e-001 
    1.00000000000000e+002     1.50000000000000e-001 
    1.05000000000000e+002     1.59000000000000e-001 
    1.10000000000000e+002     1.69000000000000e-001 
    1.15000000000000e+002     1.80000000000000e-001 
    1.20000000000000e+002     1.90000000000000e-001 
    2.12000000000000e-002     25
    0.00000000000000e+000     9.00000000000000e-002 
    5.00000000000000e+000     9.00000000000000e-002 
    1.00000000000000e+001     9.00000000000000e-002 
    1.50000000000000e+001     9.10000000000000e-002 
    2.00000000000000e+001     9.30000000000000e-002 
    2.50000000000000e+001     9.50000000000000e-002 
    3.00000000000000e+001     9.70000000000000e-002 
    3.50000000000000e+001     1.00000000000000e-001 
    4.00000000000000e+001     1.04000000000000e-001 
    4.50000000000000e+001     1.08000000000000e-001 
    5.00000000000000e+001     1.13000000000000e-001 
    5.50000000000000e+001     1.18000000000000e-001 
    6.00000000000000e+001     1.24000000000000e-001 
    6.50000000000000e+001     1.31000000000000e-001 
    7.00000000000000e+001     1.37000000000000e-001 
    7.50000000000000e+001     1.45000000000000e-001 
    8.00000000000000e+001     1.52000000000000e-001 
    8.50000000000000e+001     1.61000000000000e-001 
    9.00000000000000e+001     1.69000000000000e-001 
    9.50000000000000e+001     1.78000000000000e-001 
    1.00000000000000e+002     1.88000000000000e-001 
    1.05000000000000e+002     1.98000000000000e-001 
    1.10000000000000e+002     2.08000000000000e-001 
    1.15000000000000e+002     2.19000000000000e-001 
    1.20000000000000e+002     2.30000000000000e-001 
    4.22000000000000e-002     25
    0.00000000000000e+000     1.32000000000000e-001 
    5.00000000000000e+000     1.36000000000000e-001 
    1.00000000000000e+001     1.40000000000000e-001 
    1.50000000000000e+001     1.44000000000000e-001 
    2.00000000000000e+001     1.48000000000000e-001 
    2.50000000000000e+001     1.53000000000000e-001 
    3.00000000000000e+001     1.58000000000000e-001 
    3.50000000000000e+001     1.63000000000000e-001 
    4.00000000000000e+001     1.68000000000000e-001 
    4.50000000000000e+001     1.73000000000000e-001 
    5.00000000000000e+001     1.79000000000000e-001 
    5.50000000000000e+001     1.85000000000000e-001 
    6.00000000000000e+001     1.90000000000000e-001 
    6.50000000000000e+001     1.97000000000000e-001 
    7.00000000000000e+001     2.03000000000000e-001 
    7.50000000000000e+001     2.09000000000000e-001 
    8.00000000000000e+001     2.16000000000000e-001 
    8.50000000000000e+001     2.23000000000000e-001 
    9.00000000000000e+001     2.30000000000000e-001 
    9.50000000000000e+001     2.37000000000000e-001 
    1.00000000000000e+002     2.44000000000000e-001 
    1.05000000000000e+002     2.52000000000000e-001 
    1.10000000000000e+002     2.59000000000000e-001 
    1.15000000000000e+002     2.67000000000000e-001 
    1.20000000000000e+002     2.75000000000000e-001 
    7.62000000000000e-002     25
    0.00000000000000e+000     1.72000000000000e-001 
    5.00000000000000e+000     1.83000000000000e-001 
    1.00000000000000e+001     1.94000000000000e-001 
    1.50000000000000e+001     2.04000000000000e-001 
    2.00000000000000e+001     2.12000000000000e-001 
    2.50000000000000e+001     2.19000000000000e-001 
    3.00000000000000e+001     2.26000000000000e-001 
    3.50000000000000e+001     2.32000000000000e-001 
    4.00000000000000e+001     2.37000000000000e-001 
    4.50000000000000e+001     2.43000000000000e-001 
    5.00000000000000e+001     2.48000000000000e-001 
    5.50000000000000e+001     2.53000000000000e-001 
    6.00000000000000e+001     2.58000000000000e-001 
    6.50000000000000e+001     2.63000000000000e-001 
    7.00000000000000e+001     2.69000000000000e-001 
    7.50000000000000e+001     2.75000000000000e-001 
    8.00000000000000e+001     2.82000000000000e-001 
    8.50000000000000e+001     2.90000000000000e-001 
    9.00000000000000e+001     2.98000000000000e-001 
    9.50000000000000e+001     3.08000000000000e-001 
    1.00000000000000e+002     3.18000000000000e-001 
    1.05000000000000e+002     3.29000000000000e-001 
    1.10000000000000e+002     3.41000000000000e-001 
    1.15000000000000e+002     3.55000000000000e-001 
    1.20000000000000e+002     3.70000000000000e-001 
    9.95000000000000e-002     25
    0.00000000000000e+000     2.00000000000000e-001 
    5.00000000000000e+000     2.04000000000000e-001 
    1.00000000000000e+001     2.09000000000000e-001 
    1.50000000000000e+001     2.16000000000000e-001 
    2.00000000000000e+001     2.23000000000000e-001 
    2.50000000000000e+001     2.32000000000000e-001 
    3.00000000000000e+001     2.41000000000000e-001 
    3.50000000000000e+001     2.51000000000000e-001 
    4.00000000000000e+001     2.63000000000000e-001 
    4.50000000000000e+001     2.74000000000000e-001 
    5.00000000000000e+001     2.86000000000000e-001 
    5.50000000000000e+001     2.98000000000000e-001 
    6.00000000000000e+001     3.10000000000000e-001 
    6.50000000000000e+001     3.23000000000000e-001 
    7.00000000000000e+001     3.35000000000000e-001 
    7.50000000000000e+001     3.47000000000000e-001 
    8.00000000000000e+001     3.58000000000000e-001 
    8.50000000000000e+001     3.70000000000000e-001 
    9.00000000000000e+001     3.80000000000000e-001 
    9.50000000000000e+001     3.90000000000000e-001 
    1.00000000000000e+002     3.99000000000000e-001 
    1.05000000000000e+002     4.08000000000000e-001 
    1.10000000000000e+002     4.15000000000000e-001 
    1.15000000000000e+002     4.22000000000000e-001 
    1.20000000000000e+002     4.27000000000000e-001 
