# Table format: 2D
5
13
    1.26000000000000e+002     9.00000000000000e+001     7.00000000000000e+001     6.00000000000000e+001     4.00000000000000e+001 
    0.00000000000000e+000     5.00000000000000e+002     1.00000000000000e+003     1.50000000000000e+003     2.00000000000000e+003     2.50000000000000e+003     3.00000000000000e+003     3.50000000000000e+003     4.00000000000000e+003     4.50000000000000e+003     5.00000000000000e+003     5.50000000000000e+003     6.00000000000000e+003 
    4.47000000000000e+000     3.26000000000000e+000     2.55000000000000e+000     2.19000000000000e+000     1.46000000000000e+000 
    4.47000000000000e+000     3.26000000000000e+000     2.55000000000000e+000     2.19000000000000e+000     1.46000000000000e+000 
    4.47000000000000e+000     3.26000000000000e+000     2.55000000000000e+000     2.19000000000000e+000     1.46000000000000e+000 
    4.47000000000000e+000     3.26000000000000e+000     2.55000000000000e+000     2.19000000000000e+000     1.46000000000000e+000 
    4.09000000000000e+000     3.18000000000000e+000     2.55000000000000e+000     2.19000000000000e+000     1.46000000000000e+000 
    3.45000000000000e+000     2.72000000000000e+000     2.19000000000000e+000     1.90000000000000e+000     1.28000000000000e+000 
    2.94000000000000e+000     2.26000000000000e+000     1.74000000000000e+000     1.44000000000000e+000     7.10000000000000e-001 
    2.55000000000000e+000     1.88000000000000e+000     1.31000000000000e+000     9.40000000000000e-001     0.00000000000000e+000 
    2.24000000000000e+000     1.55000000000000e+000     8.80000000000000e-001     3.40000000000000e-001     0.00000000000000e+000 
    2.00000000000000e+000     1.26000000000000e+000     4.00000000000000e-001     0.00000000000000e+000     0.00000000000000e+000 
    1.80000000000000e+000     1.00000000000000e+000     0.00000000000000e+000     0.00000000000000e+000     0.00000000000000e+000 
    1.63000000000000e+000     7.50000000000000e-001     0.00000000000000e+000     0.00000000000000e+000     0.00000000000000e+000 
    1.49000000000000e+000     4.90000000000000e-001     0.00000000000000e+000     0.00000000000000e+000     0.00000000000000e+000 
