# Table format: 2D
4
13
    9.00000000000000e+001     7.00000000000000e+001     6.00000000000000e+001     4.00000000000000e+001 
    0.00000000000000e+000     5.00000000000000e+002     1.00000000000000e+003     1.50000000000000e+003     2.00000000000000e+003     2.50000000000000e+003     3.00000000000000e+003     3.50000000000000e+003     4.00000000000000e+003     4.50000000000000e+003     5.00000000000000e+003     5.50000000000000e+003     6.00000000000000e+003 
    4.46714892900000e+000     4.46714892900000e+000     4.46714892900000e+000     4.46714892900000e+000 
    4.46714892900000e+000     4.46714892900000e+000     4.46714892900000e+000     4.46714892900000e+000 
    4.46714892900000e+000     4.46714892900000e+000     4.46714892900000e+000     3.26409820200000e+000 
    4.46714892900000e+000     4.46714892900000e+000     3.77992415400000e+000     2.60000000000000e+000 
    4.08584664000000e+000     3.59454382300000e+000     3.18072391800000e+000     2.19230944700000e+000 
    3.44621754800000e+000     3.05844485400000e+000     2.71672291900000e+000     1.90217006700000e+000 
    2.93820647700000e+000     2.58799919500000e+000     2.26176355500000e+000     1.43624466300000e+000 
    2.54796739100000e+000     2.20931841500000e+000     1.87577107100000e+000     9.43026055000000e-001 
    2.24275757000000e+000     1.90229076500000e+000     1.54766510400000e+000     3.35025829000000e-001 
    1.99852349200000e+000     1.64800934400000e+000     1.26083450000000e+000     0.00000000000000e+000 
    1.79893009100000e+000     1.43252027100000e+000     1.00028091200000e+000     0.00000000000000e+000 
    1.63281086600000e+000     1.24578188600000e+000     7.51354594000000e-001     0.00000000000000e+000 
    1.49235956500000e+000     1.08042477500000e+000     4.94312154000000e-001     0.00000000000000e+000 
