# Table format: 1D
    0.00000000000000e+000     0.00000000000000e+000
    1.00000000000000e-001     0.00000000000000e+000
    1.05000000000000e-001     5.00000000000000e-001
    1.10000000000000e-001     1.00000000000000e+000
    1.15000000000000e-001     1.50000000000000e+000
    1.20000000000000e-001     2.00000000000000e+000
    1.25000000000000e-001     2.50000000000000e+000
    1.30000000000000e-001     3.00000000000000e+000
    1.35000000000000e-001     3.50000000000000e+000
    1.40000000000000e-001     4.00000000000000e+000
    1.45000000000000e-001     4.50000000000000e+000
    1.50000000000000e-001     5.00000000000000e+000
    1.55000000000000e-001     5.50000000000000e+000
    1.60000000000000e-001     6.00000000000000e+000
    1.65000000000000e-001     6.50000000000000e+000
    1.70000000000000e-001     7.00000000000000e+000
    1.75000000000000e-001     7.50000000000000e+000
    1.80000000000000e-001     8.00000000000000e+000
    1.85000000000000e-001     8.50000000000000e+000
    1.90000000000000e-001     9.00000000000000e+000
    1.95000000000000e-001     9.50000000000000e+000
    2.00000000000000e-001     1.00000000000000e+001
    2.05000000000000e-001     1.05000000000000e+001
    2.10000000000000e-001     1.10000000000000e+001
    2.15000000000000e-001     1.15000000000000e+001
    2.20000000000000e-001     1.20000000000000e+001
    2.25000000000000e-001     1.25000000000000e+001
    2.30000000000000e-001     1.30000000000000e+001
    2.35000000000000e-001     1.35000000000000e+001
    2.40000000000000e-001     1.40000000000000e+001
    2.45000000000000e-001     1.45000000000000e+001
    2.50000000000000e-001     1.50000000000000e+001
    2.55000000000000e-001     1.55000000000000e+001
    2.60000000000000e-001     1.60000000000000e+001
    2.65000000000000e-001     1.65000000000000e+001
    2.70000000000000e-001     1.70000000000000e+001
    2.75000000000000e-001     1.75000000000000e+001
    2.80000000000000e-001     1.80000000000000e+001
    2.85000000000000e-001     1.85000000000000e+001
    2.90000000000000e-001     1.90000000000000e+001
    2.95000000000000e-001     1.95000000000000e+001
    3.00000000000000e-001     2.00000000000000e+001
    3.05000000000000e-001     2.05000000000000e+001
    3.10000000000000e-001     2.10000000000000e+001
    3.15000000000000e-001     2.15000000000000e+001
    3.20000000000000e-001     2.20000000000000e+001
    3.25000000000000e-001     2.25000000000000e+001
    3.30000000000000e-001     2.30000000000000e+001
    3.35000000000000e-001     2.35000000000000e+001
    3.40000000000000e-001     2.40000000000000e+001
    3.45000000000000e-001     2.45000000000000e+001
    3.50000000000000e-001     2.50000000000000e+001
    3.55000000000000e-001     2.55000000000000e+001
    3.60000000000000e-001     2.60000000000000e+001
    3.65000000000000e-001     2.65000000000000e+001
    3.70000000000000e-001     2.70000000000000e+001
    3.75000000000000e-001     2.75000000000000e+001
    3.80000000000000e-001     2.80000000000000e+001
    3.85000000000000e-001     2.85000000000000e+001
    3.90000000000000e-001     2.90000000000000e+001
    3.95000000000000e-001     2.95000000000000e+001
    4.00000000000000e-001     3.00000000000000e+001
    4.05000000000000e-001     3.05000000000000e+001
    4.10000000000000e-001     3.10000000000000e+001
    4.15000000000000e-001     3.15000000000000e+001
    4.20000000000000e-001     3.20000000000000e+001
    4.25000000000000e-001     3.25000000000000e+001
    4.30000000000000e-001     3.30000000000000e+001
    4.35000000000000e-001     3.35000000000000e+001
    4.40000000000000e-001     3.40000000000000e+001
    4.45000000000000e-001     3.45000000000000e+001
    4.50000000000000e-001     3.50000000000000e+001
    4.55000000000000e-001     3.55000000000000e+001
    4.60000000000000e-001     3.60000000000000e+001
    4.65000000000000e-001     3.65000000000000e+001
    4.70000000000000e-001     3.70000000000000e+001
    4.75000000000000e-001     3.75000000000000e+001
    4.80000000000000e-001     3.80000000000000e+001
    4.85000000000000e-001     3.85000000000000e+001
    4.90000000000000e-001     3.90000000000000e+001
    4.95000000000000e-001     3.95000000000000e+001
    5.00000000000000e-001     4.00000000000000e+001
    5.05000000000000e-001     4.05000000000000e+001
    5.10000000000000e-001     4.10000000000000e+001
    5.15000000000000e-001     4.15000000000000e+001
    5.20000000000000e-001     4.20000000000000e+001
    5.25000000000000e-001     4.25000000000000e+001
    5.30000000000000e-001     4.30000000000000e+001
    5.35000000000000e-001     4.35000000000000e+001
    5.40000000000000e-001     4.40000000000000e+001
    5.45000000000000e-001     4.45000000000000e+001
    5.50000000000000e-001     4.50000000000000e+001
    5.55000000000000e-001     4.55000000000000e+001
    5.60000000000000e-001     4.60000000000000e+001
    5.65000000000000e-001     4.65000000000000e+001
    5.70000000000000e-001     4.70000000000000e+001
    5.75000000000000e-001     4.75000000000000e+001
    5.80000000000000e-001     4.80000000000000e+001
    5.85000000000000e-001     4.85000000000000e+001
    5.90000000000000e-001     4.90000000000000e+001
    5.95000000000000e-001     4.95000000000000e+001
    6.00000000000000e-001     5.00000000000000e+001
    6.05000000000000e-001     5.25000000000000e+001
    6.10000000000000e-001     5.50000000000000e+001
    6.15000000000000e-001     5.75000000000000e+001
    6.20000000000000e-001     6.00000000000000e+001
    6.25000000000000e-001     6.25000000000000e+001
    6.30000000000000e-001     6.50000000000000e+001
    6.35000000000000e-001     6.75000000000000e+001
    6.40000000000000e-001     7.00000000000000e+001
    6.45000000000000e-001     7.25000000000000e+001
    6.50000000000000e-001     7.50000000000000e+001
    6.55000000000000e-001     7.75000000000000e+001
    6.60000000000000e-001     8.00000000000000e+001
    6.65000000000000e-001     8.25000000000000e+001
    6.70000000000000e-001     8.50000000000000e+001
    6.75000000000000e-001     8.75000000000000e+001
    6.80000000000000e-001     9.00000000000000e+001
    6.85000000000000e-001     9.25000000000000e+001
    6.90000000000000e-001     9.50000000000000e+001
    6.95000000000000e-001     9.75000000000000e+001
    7.00000000000000e-001     1.00000000000000e+002
    7.05000000000000e-001     1.02500000000000e+002
    7.10000000000000e-001     1.05000000000000e+002
    7.15000000000000e-001     1.07500000000000e+002
    7.20000000000000e-001     1.10000000000000e+002
    7.25000000000000e-001     1.12500000000000e+002
    7.30000000000000e-001     1.15000000000000e+002
    7.35000000000000e-001     1.17500000000000e+002
    7.40000000000000e-001     1.20000000000000e+002
    7.45000000000000e-001     1.22500000000000e+002
    7.50000000000000e-001     1.25000000000000e+002
    7.55000000000000e-001     1.27500000000000e+002
    7.60000000000000e-001     1.30000000000000e+002
    7.65000000000000e-001     1.32500000000000e+002
    7.70000000000000e-001     1.35000000000000e+002
    7.75000000000000e-001     1.37500000000000e+002
    7.80000000000000e-001     1.40000000000000e+002
    7.85000000000000e-001     1.42500000000000e+002
    7.90000000000000e-001     1.45000000000000e+002
    7.95000000000000e-001     1.47500000000000e+002
    8.00000000000000e-001     1.50000000000000e+002
    8.05000000000000e-001     1.52500000000000e+002
    8.10000000000000e-001     1.55000000000000e+002
    8.15000000000000e-001     1.57500000000000e+002
    8.20000000000000e-001     1.60000000000000e+002
    1.00000000000000e+000     1.60000000000000e+002
    1.00000000000000e+002     1.60000000000000e+002
